2
60
1 "1" ""
2 "2" ""
3 "3" ""
4 "4" ""
5 "5" ""
6 "6" ""
7 "7" ""
8 "8" ""
9 "9" ""
10 "10" ""
11 "11" ""
12 "12" ""
13 "13" ""
14 "14" ""
15 "15" ""
16 "16" ""
17 "17" ""
18 "18" ""
19 "19" ""
20 "20" ""
21 "21" ""
22 "22" ""
23 "23" ""
24 "24" ""
25 "25" ""
26 "26" ""
27 "27" ""
28 "28" ""
29 "29" ""
30 "30" ""
31 "31" ""
32 "32" ""
33 "33" ""
34 "34" ""
35 "35" ""
36 "36" ""
37 "37" ""
38 "38" ""
39 "39" ""
40 "40" ""
41 "41" ""
42 "42" ""
43 "43" ""
44 "44" ""
45 "45" ""
46 "46" ""
47 "47" ""
48 "48" ""
49 "49" ""
50 "50" ""
51 "51" ""
52 "52" ""
53 "53" ""
54 "54" ""
55 "55" ""
56 "56" ""
57 "57" ""
58 "58" ""
59 "59" ""
60 "60" ""
304
1 2 400
2 1 400
1 3 700
3 1 700
1 4 800
4 1 800
1 5 900
5 1 900
1 6 1500
6 1 1500
1 7 1100
7 1 1100
1 8 1800
8 1 1800
1 9 2100
9 1 2100
1 10 2700
10 1 2700
1 11 2600
11 1 2600
1 12 2500
12 1 2500
1 13 1400
13 1 1400
1 14 2400
14 1 2400
1 15 1800
15 1 1800
1 16 2200
16 1 2200
1 17 2600
17 1 2600
1 18 2200
18 1 2200
1 19 2800
19 1 2800
1 20 3200
20 1 3200
1 21 4100
21 1 4100
1 22 4100
22 1 4100
1 23 4300
23 1 4300
1 24 3300
24 1 3300
1 25 4000
25 1 4000
1 26 4300
26 1 4300
1 27 3700
27 1 3700
1 28 3600
28 1 3600
1 29 3400
29 1 3400
1 30 3600
30 1 3600
1 31 3000
31 1 3000
1 32 2300
32 1 2300
1 33 2800
33 1 2800
1 34 1800
34 1 1800
1 35 4800
35 1 4800
1 36 4800
36 1 4800
1 37 3600
37 1 3600
1 38 3400
38 1 3400
1 39 3900
39 1 3900
1 40 3000
40 1 3000
1 41 3000
41 1 3000
1 42 3400
42 1 3400
1 43 4800
43 1 4800
1 44 3600
44 1 3600
1 45 4700
45 1 4700
1 46 4000
46 1 4000
1 47 1900
47 1 1900
1 48 2700
48 1 2700
1 49 5700
49 1 5700
1 50 4700
50 1 4700
1 51 4600
51 1 4600
1 52 4900
52 1 4900
1 53 4500
53 1 4500
1 54 4500
54 1 4500
1 55 3200
55 1 3200
1 56 3500
56 1 3500
1 57 4300
57 1 4300
1 58 3900
58 1 3900
1 59 4100
59 1 4100
1 60 4000
60 1 4000
2 24 3100
24 2 3100
3 24 3000
24 3 3000
3 58 4200
58 3 4200
4 24 3400
24 4 3400
5 24 3800
24 5 3800
6 24 3600
24 6 3600
7 24 2000
24 7 2000
8 24 2000
24 8 2000
9 24 1700
24 9 1700
10 24 2600
24 10 2600
11 24 2900
24 11 2900
12 24 2900
24 12 2900
13 24 4300
24 13 4300
14 24 4700
24 14 4700
15 24 4200
24 15 4200
16 24 4800
24 16 4800
17 24 5000
24 17 5000
18 24 4800
24 18 4800
19 24 5100
24 19 5100
20 24 5500
24 20 5500
21 24 5300
24 21 5300
21 58 4500
58 21 4500
22 24 6400
24 22 6400
22 58 6000
58 22 6000
23 24 6200
24 23 6200
23 58 6200
58 23 6200
24 25 800
25 24 800
24 26 850
26 24 850
24 27 3700
27 24 3700
24 28 3600
28 24 3600
24 29 3800
29 24 3800
24 30 3900
30 24 3900
24 31 3900
31 24 3900
24 32 4700
32 24 4700
24 33 4300
33 24 4300
24 34 4200
34 24 4200
24 35 4300
35 24 4300
24 36 4300
36 24 4300
24 37 3700
37 24 3700
24 38 4600
38 24 4600
24 39 4600
39 24 4600
24 40 4600
40 24 4600
24 41 4600
41 24 4600
24 42 4800
42 24 4800
24 43 4900
43 24 4900
24 44 5100
44 24 5100
24 45 5200
45 24 5200
24 46 4700
46 24 4700
24 47 1900
47 24 1900
24 48 1100
48 24 1100
24 49 5700
49 24 5700
24 50 3000
50 24 3000
24 51 3700
51 24 3700
24 52 3600
52 24 3600
24 53 3600
53 24 3600
24 54 3600
54 24 3600
24 55 4900
55 24 4900
24 56 5200
56 24 5200
24 57 6200
57 24 6200
24 58 5000
58 24 5000
24 59 8400
59 24 8400
24 60 7200
60 24 7200
25 58 6200
58 25 6200
26 58 5600
58 26 5600
27 58 2900
58 27 2900
28 58 2200
58 28 2200
29 58 1200
58 29 1200
30 58 1500
58 30 1500
31 58 1400
58 31 1400
32 58 2100
58 32 2100
33 58 1900
58 33 1900
34 58 2500
58 34 2500
35 58 2800
58 35 2800
36 58 2100
58 36 2100
37 58 6100
58 37 6100
38 58 6500
58 38 6500
39 58 6900
58 39 6900
42 58 6200
58 42 6200
43 58 6400
58 43 6400
44 58 6900
58 44 6900
45 58 6600
58 45 6600
46 58 6600
58 46 6600
49 58 4700
58 49 4700
50 58 4000
58 50 4000
51 58 3700
58 51 3700
52 58 3500
58 52 3500
53 58 2800
58 53 2800
54 58 2800
58 54 2800
55 58 1000
58 55 1000
56 58 1500
58 56 1500
57 58 650
58 57 650
58 59 1800
59 58 1800
58 60 2300
60 58 2300
